ite#743#1024#F#3#1,403,102,54,54;2,4,87,67,67;3,248,614,53,53;#P#0#-1#Y#0#-1#C#0#0#0#0
ite#736#1024#F#7#1,964,242,51,51;2,793,54,62,62;3,10,309,61,61;4,689,411,88,88;5,910,192,105,105;6,517,270,209,209;7,328,467,88,88;#P#0#-1#Y#0#-1#C#0#0#0#0
ite#723#1024#F#1#1,486,546,80,80;#P#0#-1#Y#0#-1#C#0#0#0#0
ite#734#1024#F#0#-1#P#0#-1#Y#0#-1#C#0#0#0#0
ite#719#1024#F#1#1,484,467,66,66;#P#0#-1#Y#0#-1#C#0#0#0#0
ite#732#1024#F#5#1,592,412,52,52;2,309,380,68,68;3,101,308,151,151;4,479,422,86,86;5,31,397,172,172;#P#0#-1#Y#0#-1#C#0#0#0#0
ite#723#1024#F#5#1,228,316,71,71;2,857,146,59,59;3,7,335,68,68;4,439,79,191,191;5,299,438,116,116;#P#0#-1#Y#1#1,8,14,22,22;#C#0#0#0#0
ite#735#1024#F#0#-1#P#0#-1#Y#0#-1#C#0#0#0#0
ite#715#1024#F#1#1,1,524,102,102;#P#0#-1#Y#0#-1#C#0#0#0#0
item#731#1024#F#0#-1#P#0#-1#Y#0#-1#C#0#0#0#0
item#725#1024#F#4#1,340,336,83,83;2,300,136,100,100;3,393,458,53,53;4,427,602,65,65;#P#0#-1#Y#0#-1#C#0#0#0#0
item#719#1024#F#0#-1#P#0#-1#Y#0#-1#C#0#0#0#0
item#725#1024#F#1#1,732,231,56,56;#P#0#-1#Y#0#-1#C#0#0#0#0
item#721#1024#F#1#1,925,157,93,93;#P#0#-1#Y#0#-1#C#0#0#0#0
item#738#1024#F#0#-1#P#0#-1#Y#0#-1#C#0#0#0#0
item#727#1024#F#2#1,320,238,51,51;2,383,472,54,54;#P#0#-1#Y#0#-1#C#0#0#0#0
item#736#1024#F#3#1,385,332,52,52;2,389,346,52,52;3,125,547,76,76;#P#0#-1#Y#0#-1#C#0#0#0#0
item#721#1024#F#1#1,896,344,125,125;#P#0#-1#Y#0#-1#C#0#0#0#0
item#723#1024#F#4#1,296,64,65,65;2,669,376,64,64;3,432,347,58,58;4,269,526,52,52;#P#0#-1#Y#0#-1#C#0#0#0#0
item#727#1024#F#2#1,146,185,157,157;2,554,530,63,63;#P#0#-1#Y#0#-1#C#0#0#0#0
item#732#1024#F#0#-1#P#0#-1#Y#0#-1#C#0#0#0#0
item#735#1024#F#2#1,221,368,59,59;2,0,378,83,83;#P#0#-1#Y#0#-1#C#0#0#0#0
item#716#1024#F#1#1,6,554,55,55;#P#0#-1#Y#0#-1#C#0#0#0#0
item#743#1024#F#2#1,0,410,50,50;2,675,426,58,58;#P#0#-1#Y#0#-1#C#0#0#0#0
item#715#1024#F#2#1,8,403,63,63;2,270,535,59,59;#P#0#-1#Y#0#-1#C#0#0#0#0
item#709#1024#F#0#-1#P#0#-1#Y#0#-1#C#0#0#0#0
item#720#1024#F#2#1,846,26,61,61;2,573,440,64,64;#P#0#-1#Y#0#-1#C#0#0#0#0
item#726#1024#F#1#1,918,183,99,99;#P#0#-1#Y#0#-1#C#0#0#0#0
item#732#1024#F#4#1,450,151,54,54;2,484,84,52,52;3,780,363,53,53;4,527,192,61,61;#P#0#-1#Y#0#-1#C#0#0#0#0
item#732#1024#F#0#-1#P#0#-1#Y#0#-1#C#0#0#0#0
item#726#1024#F#6#1,4,32,61,61;2,278,365,83,83;3,765,27,93,93;4,930,37,93,93;5,509,523,60,60;6,793,498,84,84;#P#0#-1#Y#0#-1#C#0#0#0#0
item#725#1024#F#0#-1#P#0#-1#Y#0#-1#C#0#0#0#0
item#734#1024#F#1#1,188,557,92,92;#P#0#-1#Y#0#-1#C#0#0#0#0
item#1024#727#F#1#1,168,540,280,280;#P#0#-1#Y#0#-1#C#0#0#0#0
item#728#1024#F#0#-1#P#0#-1#Y#0#-1#C#0#0#0#0
item#735#1024#F#2#1,167,334,75,75;2,152,474,115,115;#P#0#-1#Y#0#-1#C#0#0#0#0
item#1024#733#F#2#1,651,640,57,57;2,84,897,66,66;#P#0#-1#Y#0#-1#C#0#0#0#0
item#732#1024#F#1#1,894,441,128,128;#P#0#-1#Y#0#-1#C#0#0#0#0
item#734#1024#F#0#-1#P#0#-1#Y#0#-1#C#0#0#0#0
item#721#1024#F#0#-1#P#0#-1#Y#0#-1#C#0#0#0#0
item#731#1024#F#3#1,862,256,75,75;2,241,94,94,94;3,768,426,254,254;#P#0#-1#Y#0#-1#C#0#0#0#0
item#725#1024#F#2#1,4,387,65,65;2,634,507,88,88;#P#0#-1#Y#0#-1#C#0#0#0#0
item#737#1024#F#1#1,657,320,62,62;#P#0#-1#Y#0#-1#C#0#0#0#0
item#722#1024#F#0#-1#P#0#-1#Y#0#-1#C#0#0#0#0
item#729#1024#F#4#1,968,32,52,52;2,948,43,64,64;3,42,255,106,106;4,326,563,74,74;#P#0#-1#Y#0#-1#C#0#0#0#0
item#737#1024#F#4#1,956,418,58,58;2,954,440,59,59;3,956,596,60,60;4,331,560,80,80;#P#0#-1#Y#0#-1#C#0#0#0#0
item#720#1024#F#1#1,290,396,66,66;#P#0#-1#Y#0#-1#C#0#0#0#0
item#1024#728#F#7#1,37,282,51,51;2,236,300,53,53;3,152,368,90,90;4,338,602,80,80;5,604,727,87,87;6,280,915,69,69;7,121,923,75,75;#P#0#-1#Y#0#-1#C#0#0#0#0
item#739#1024#F#0#-1#P#0#-1#Y#0#-1#C#0#0#0#0
item#734#1024#F#3#1,897,492,55,55;2,306,279,205,205;3,378,375,85,85;#P#0#-1#Y#1#2,120,59,44,44;#C#0#0#0#0
item#729#1024#F#3#1,960,512,58,58;2,548,538,58,58;3,591,530,78,78;#P#0#-1#Y#0#-1#C#0#0#0#0
item#715#1024#F#0#-1#P#0#-1#Y#0#-1#C#0#0#0#0
item#734#1024#F#1#1,707,118,98,98;#P#0#-1#Y#0#-1#C#0#0#0#0
item#723#1024#F#3#1,165,351,68,68;2,271,97,106,106;3,339,473,59,59;#P#0#-1#Y#0#-1#C#0#0#0#0
item#727#1024#F#1#1,2,222,129,129;#P#0#-1#Y#0#-1#C#0#0#0#0
item#740#1024#F#2#1,696,356,100,100;2,963,511,57,57;#P#0#-1#Y#0#-1#C#0#0#0#0
item#717#1024#F#4#1,784,305,55,55;2,11,81,55,55;3,944,255,77,77;4,952,112,70,70;#P#0#-1#Y#0#-1#C#0#0#0#0
item#721#1024#F#1#1,959,479,59,59;#P#0#-1#Y#0#-1#C#0#0#0#0
item#711#1024#F#1#1,486,234,52,52;#P#0#-1#Y#0#-1#C#0#0#0#0
item#745#1024#F#5#1,604,361,52,52;2,651,305,65,65;3,402,384,58,58;4,692,311,63,63;5,681,201,102,102;#P#0#-1#Y#1#4,17,5,40,40;#C#0#0#0#0
item#738#1024#F#2#1,8,425,56,56;2,963,486,51,51;#P#0#-1#Y#0#-1#C#0#0#0#0
item#724#1024#F#0#-1#P#0#-1#Y#0#-1#C#0#0#0#0
item#734#1024#F#10#1,3,388,52,52;2,368,224,54,54;3,599,74,84,84;4,3,522,54,54;5,6,271,88,88;6,911,577,59,59;7,914,591,62,62;8,858,565,67,67;9,442,637,66,66;10,402,510,112,112;#P#0#-1#Y#0#-1#C#0#0#0#0
item#726#1024#F#2#1,265,461,59,59;2,599,333,146,146;#P#0#-1#Y#0#-1#C#0#0#0#0
item#730#1024#F#2#1,18,405,77,77;2,156,450,66,66;#P#0#-1#Y#0#-1#C#0#0#0#0
item#737#1024#F#0#-1#P#0#-1#Y#0#-1#C#0#0#0#0
item#728#1024#F#2#1,755,304,70,70;2,566,352,59,59;#P#0#-1#Y#0#-1#C#0#0#0#0
item#735#1024#F#4#1,861,268,54,54;2,110,486,52,52;3,8,470,52,52;4,297,614,69,69;#P#0#-1#Y#0#-1#C#0#0#0#0
item#725#1024#F#3#1,947,536,65,65;2,950,516,62,62;3,1,484,77,77;#P#0#-1#Y#0#-1#C#0#0#0#0
item#722#1024#F#1#1,273,169,62,62;#P#0#-1#Y#0#-1#C#0#0#0#0
item#719#1024#F#2#1,437,353,51,51;2,358,375,63,63;#P#0#-1#Y#0#-1#C#0#0#0#0
item#734#1024#F#0#-1#P#0#-1#Y#0#-1#C#0#0#0#0
item#713#1024#F#0#-1#P#0#-1#Y#0#-1#C#0#0#0#0
item#721#1024#F#3#1,243,101,57,57;2,827,134,61,61;3,314,652,64,64;#P#0#-1#Y#0#-1#C#0#0#0#0
item#742#1024#F#2#1,6,128,52,52;2,769,257,86,86;#P#0#-1#Y#0#-1#C#0#0#0#0
item#739#1024#F#2#1,8,412,76,76;2,808,638,53,53;#P#0#-1#Y#0#-1#C#0#0#0#0
item#727#1024#F#0#-1#P#0#-1#Y#0#-1#C#0#0#0#0
item#731#1024#F#3#1,222,431,60,60;2,267,410,62,62;3,287,458,105,105;#P#0#-1#Y#0#-1#C#0#0#0#0
item#735#1024#F#1#1,210,164,62,62;#P#0#-1#Y#0#-1#C#0#0#0#0
item#725#1024#F#2#1,906,123,54,54;2,949,135,64,64;#P#0#-1#Y#0#-1#C#0#0#0#0
item#738#1024#F#0#-1#P#0#-1#Y#0#-1#C#0#0#0#0
item#744#1024#F#0#-1#P#0#-1#Y#0#-1#C#0#0#0#0
item#726#1024#F#2#1,5,53,69,69;2,246,168,60,60;#P#0#-1#Y#0#-1#C#0#0#0#0
item#723#1024#F#5#1,496,395,60,60;2,822,336,96,96;3,421,209,93,93;4,959,487,64,64;5,731,597,70,70;#P#0#-1#Y#0#-1#C#0#0#0#0
item#734#1024#F#1#1,254,429,66,66;#P#0#-1#Y#0#-1#C#0#0#0#0
item#730#1024#F#4#1,680,277,54,54;2,316,185,57,57;3,167,254,97,97;4,946,250,65,65;#P#0#-1#Y#0#-1#C#0#0#0#0
item#720#1024#F#5#1,278,330,55,55;2,280,310,55,55;3,819,417,73,73;4,243,530,69,69;5,105,429,88,88;#P#0#-1#Y#0#-1#C#0#0#0#0
item#1024#721#F#4#1,25,825,85,85;2,351,603,122,122;3,28,909,60,60;4,18,929,73,73;#P#0#-1#Y#0#-1#C#0#0#0#0
item#736#1024#F#0#-1#P#0#-1#Y#0#-1#C#0#0#0#0
item#730#1024#F#3#1,878,74,52,52;2,635,419,61,61;3,705,436,54,54;#P#0#-1#Y#0#-1#C#0#0#0#0
item#734#1024#F#0#-1#P#0#-1#Y#0#-1#C#0#0#0#0
item#724#1024#F#0#-1#P#0#-1#Y#0#-1#C#0#0#0#0
item#717#1024#F#0#-1#P#0#-1#Y#0#-1#C#0#0#0#0
item#712#1024#F#1#1,678,64,56,56;#P#0#-1#Y#0#-1#C#0#0#0#0
item#717#1024#F#2#1,338,362,58,58;2,950,535,61,61;#P#0#-1#Y#0#-1#C#0#0#0#0
item#729#1024#F#0#-1#P#0#-1#Y#0#-1#C#0#0#0#0
item#729#1024#F#1#1,788,396,68,68;#P#0#-1#Y#0#-1#C#0#0#0#0
item#741#1024#F#13#1,679,251,55,55;2,299,194,53,53;3,412,272,73,73;4,490,346,67,67;5,942,191,80,80;6,619,44,66,66;7,353,307,94,94;8,274,422,135,135;9,916,76,85,85;10,40,120,221,221;11,776,47,95,95;12,177,449,56,56;13,911,542,74,74;#P#0#-1#Y#3#6,9,16,22,22;9,10,20,24,24;11,40,9,51,51;#C#0#0#0#0
